6169 46
6446 1331
8604 10112
1117 2326
1690 14279
4001 1218
11053 4035
16393 15935
1878 629
3429 153
1885 11311
4248 1061
1688 3031 11213
195 8700
195 197
11591 22 6446
14334 14332
10866 3078
790 1098
4203 2784
8477 674
1870 629
763 1383 653
403 1032
403 3871
3072 674
3072 6756
3072 7806
2602 2603
13126 2293
1253 653
4505 127
14022 1690
16866 4805
2524 12155
4277 1467
127 151
389 3117
1848 6139
3009 1553
3009 24643
3818 21707
8912 13475
609 1747
2432 195
2432 5237
14212 14213
13189 15452
2001 195
1467 403
21845 11590
4875 1098
5458 5459
2211 1805 653
2984 629
4785 653
8786 4499
1877 1098
3030 1690
3667 10748
1111 449
1111 403
21651 21364
741 3072
741 3045
263 70 1237
1445 152
1445 152 1389
2729 2389
5 2169
5 14
5 151
2930 6339
2930 6339 1331
602 46258
602 27203
5200 9274
12017 571
15106 15106
1256 153
684 30314 1685 1686
1685 1686
2061 629 102 1141
625 1646 1383
68 2802
726 452
1095 4906
13292 13293
2029 2030
794 2028
682 683
852 853
653 5048
4574 18320
3031 4883
3031 13195
4103 2199
4103 1098
6748 674
956 1218
956 9393
956 151
4836 197
1098 149 1032
11839 11623
5194 8538
5194 1107
5194 27980
142 13189
488 1098
5046 743
5494 151
406 1098
1128 27926
2802 8788
301 4103
4913 14418
325 151
1308 1061
126
656 153
656 1032
2803 1445
0 1
2300 152
150 153
150 151
-1111 1695
1694 46
656 153
726 452
150 153
5855
5303
126
21536
46 367 10713
4286 5067
4954 195
653
46
9640 2131
21591
-1111
-1111 -1111
-1111
17656 - 27180
1848 1034 4502 21718 14475
-1111 2131
6824 2621 . 11398
-1111
3402 40490
13458 14977 14530
-1111 -1111
-1111 14475
3402 -1111
-1111 10152
-1111
-1111
51713 8944
21210 47433 34219
-1111
-1111
-1111
30095 69
3008 68 3 4659
-1111
1689
325 151
5964 3949 28356
-1111
7973 -1111
38037 3429
449 7003
7003 46
656 153
6128 449
398
1666
742 367 19389
26188 153
6374 153
742 367 3429
742
1470 367 10699
2005
5855
14158 8253
373 153
1960 2024 .
681 48 1963
5 14
570
19451
986 1690 1673
681
450 1051
20044 367 729
1256 153
1051 629
6592 22 3818
2024 22 3818
31943
1957 - 9950 17640
1686 22 3818
6592 22 3818
5908 22 3818
1213 22 3818
-1111 22 3818
3078 22 3818
1214 22 3818
14 22 1213
956 153
19739
5782 3031
5782 3031 1389
3310 3031
28488 5740
3181 10858
403 1051
633 1051
1467 1658
403 4774
633 4774
403 2054
403 9519
1257 153
2029
-1111
2030
2029 - 2030
6309 1186
4001 1218 10480
46 21937
1256 153
11103 352 9430
3429 153
373 - 687 153
912 153
373 - 6044
656 153
6344 33839
1567 13189 15452
4290 956 1218
-1111
36257
1107 1880 609
36257 1098
-1111
-1111
681 9023 19137
18259 1848 -1111
681 48 144
7801
688
1563 1218
9324
2935 1032
1032 48 1963
1032 48 14 22 46
403 337
46 1848 6139
46 43204
5 6139
23585 6141
625 1646 - 1383 653
763 - 1383 653
4537 22 17050
5 4537
17050
2043 - 32 4537
5 195
653
15921 1383
1301 653
3886 653
31648
17849 1389
54493
3367 1389
-1111
653 -1111
653 15674
14560 1331
13737 -1111
13737 -1111
-1111
-1111
35167
126
353 152
5774 2837
10943
1666 662
1467 9248 832
41014
-1111 "
-1111
7753 -1111
10301 6834
24962
1567 1819
7753
3038 7753
22824
22825
36735
2803 8603
1337 8603
3996
190
387 1702
443 685
28271 29224
1661
23905
305
18243
11740
697 3819
-1111
19330 1688
13331 6076
387 1702
-1111 17918
1467 488 24154
-1111
1690 16119
685
7485 -1111
986 1213
16940 1848 -1111
2005 1848 25698
2005 22 5995
4003
-1111
-1111
36008 7 -1111
-1111 -1111
13202 1848 11103
46 1848 6139
1482
-1111
-1111 389 -1111
1301 13159 1032
-1111
37793
28271 -1111
9324 337
158 6076
1510 195
-1111
-1111
-1111 153
-1111
28202 352 9430
-1111 389 35621
-1111 389 46 9023 20327
1482
46 1848 6139
38037 367 3429
38037 367 570
6344 367 3429
6344 367 570
38037
6344
-1111 1848 32345
-1111
25446
-1111
16541
-1111 389 6139
324
4839
4839 -1111
665 68 28075
48880 5067
22459
-1111 -1111
-1111
4954
-1111
-1111
-1111 18202
-1111 32525
-1111
-1111
-1111
5917
-1111
4939
-1111
23818 -1111
-1111
-1111
54493
-1111
-1111
4839 -1111
4839 -1111
4839 389 -1111
4839 389 -1111
4839 389 53145
4839 23594
4839 19329
4839 18388
39836 389 35621
35141
22827
-1111
28075
3804
43056
33033
-1111
-1111
-1111
-1111
15921 653
4567
13372 16373 389 1701
158 653
4537
4939 352 -1111
653 13372 13374 1848 570
1116 22 2022
653 352 -1111
653 446 3 3727
653 13372 16401 17754
362 629 653
653 367 19389
653 11280
653 4567
653 1256
653 23594
653 16401 23761
362 17527 653
435 3793
2005 27289
725 22 7801
656 22 1237
1116
653 18325
10898 653
653 20475
1301 653
46
25686
37728
21831
13649
9419
5848
1700
51249
34534
32535
15534
-1111
16115
-1111
728
-1111
17733
28008
6343
6343 389 -1111
18898 5887
398 ,
4235
-1111
13161
34657
53062
2230
53058
28342 46
57274 ,
-1111
-1111
-1111
22365
18470
52086
37957 1848 37958
28369
43993
11285
1470
36149
26119
-1111
38063
351
6144
681
681 367 34534
42636
-1111
-1111
-1111
697 230
488 230
-1111
-1111
10879
35287
48754
1110
-1111
-1111
28297
7905
7003
13649 27249
13649 -1111 13374
13649 367 13445
9419 352 38037
9419 13372 723
10713
-1111 1848 -1111
728 1257
742
156
2602 153
28369 367 9319
89 351
46 352 324
1470 35982
351 , -1111
6144 9023 602 -1111
6144 352 5918 9023 11103 23606
681 367 -1111
681 3429
681 352 11879 389 35981
681 367 1137
681 9023 602 28341
681 287 " 19137
18259 1848 28344
681 -1111
681 -1111
681 367 10713
10879 367 21744
10879 13372 723
10879 13372 13374
10879 352 9430
10879 352 28202 389 -1111
10879 352 38037
1691 367 15115
1110
-1111
1691 1666 22 406
28297 352 324 , 28297 352 28202 389 -1111
7003
4836 281
11056
10860
11056
387 389 10860
30289 -1111 10860
-1111 1848 32345 -1111 4836 22 6592
10860 352 11879 389 35981
10860 367 15114
10860 9023 16 13405
10860 1848 28251
10860 58469
10860 -1111
1695
1695 13372 27169
1695 13372 16401 38730
1695 352 22391
1695 352 -1111
1695 352 4785
1695 48 4785 629
1695 367 1256
1695 367 11389
1695 48 11168
1695 367 -1111
1695 367 15115
1695 23662 27069 9023 29070 -1111
1695 9023 -1111
1695 9023 602 -1111
1695 9023 23877 1848 11599
1695 389 29152 367 40807
1695 28251 1848 36002 389 15115
1695 -1111
37583 352 29841
37583 389 10860 1009
47086 389 10860 , 23636 1848 15982
20327
609 137
41485 30452
145
1116
-1111
-1111 -1111
-1111 17918 7 -1111
-1111 7 -1111
41485 30452
-1111 2521 -1111 25462
-1111 389 20327 -1111
-1111
29235
-1111 20196
-1111 -1111
3163 7985
-1111
-1111 367 -1111
-1111 25462
-1111 367 -1111
13366 352 810
20366 389 -1111
-1111
-1111
29029 11486
1467 1112
842 7 -1111
842 21742
24866 367 40807
-1111 -1111
13359 389 20327
46851 389 20327 -1111
15982 367 -1111
15982 17918 367 -1111
15982 57341
41204 389 -1111
41204 389 36257
41204 389 37635 352 46851
6482 389 -1111
25462 19340 389 20327
28199 16935 389 20327
-1111 367 40807
47440 389 20327 -1111
11281 389 20327
-1111 1848 5855
-1111 -1111 367 9319
-1111 1657
-1111 352 5918
449 44684
37635 30294
-1111 352 5918
23469 389 15982
20327 60 -1111
20327 352 46851
20327 367 11487
20327 -1111 367 20475
20327 -1111 30294 7 28303
29836 389 1701
47207 60 -1111
986 17829
47207 -1111
47207 9023 56082 1848 4839 )
47207 58099
47207 57341
47207 -1111 -1111
-1111 7 -1111
-1111 -1111
138 60 -1111
138 17741
29152 -1111 11879 367 40807
29152 9023 16 23586
29152 57341
-1111 7 15950
-1111 367 -1111
16100 13372 16373 389 1701
16100 389 -1111
16100 389 -1111
-1111 367 9319
-1111 367 -1111
27002 -1111
-1111 389 15982
-1111 -1111
-1111 367 27099
13202 389 20327
13587
2023 2024
13331 13316
34964 48 1686
-1111 367 36548
-1111 -1111
28492 16230
1128 9731
19451
-1111
23905
15833
13316
53311
13587 352 38624
13587 11487
-1111
-1111
10366 367 -1111
-1111 48292
-1111
-1111
-1111 -1111
34964 367 11389
34964 367 -1111
16230 1128
-1111
56513
-1111
30314
2023 3031 38071
37715
2006
-1111
9439 10751
52
-1111 389 -1111
-1111
2005 28175
5046 3793
2005 27289
435 3793
2005 14672
2005 389 18467
2005 389 931 21078
-1111
6617
570
2022
570 30166
15298 367 18325
5149
-1111
17833 29260
51093 -1111
17833 48292 389 -1111
-1111
41006 367 18325
633 11389
-1111 -1111
17742
633
29030
-1111
28200 53349 1848 20911
5908
27019
723 367 18325
-1111
30766
25831
1030 1098
18263
-1111
-1111
-1111
5 - 1383 22002
21899
1467 450
8735 1331
1664
1698
2029 - 2030
25977
1698
-1111
13247 44250
-1111
25259
6517
-1111
-1111
-1111
-1111
-1111 23594
20784
-1111
-1111
48853
-1111 -1111
-1111
43588
-1111
39577 51739
11119
-1111 -1111 1848 -1111 -1111
-1111 -1111 1848 -1111 -1111
-1111 1609 -1111 -1111 -1111 -1111
-1111
4785
26250 26251
-1111
-1111
-1111
-1111
-1111
684
-1111
13458 4763
13458 -1111
1237
-1111
2029 2030
1051 629
794 389 -1111
794 48292
794 2028
794 51739
-1111
10611 810
2007
-1111 389 -1111
-1111
-1111
-1111
1666 32572
-1111 -1111
1666 -1111
1666 21572
39542
23877
-1111
-1111
25977
54177
26078
35377
-1111
36649
1301 984
10943 43909
34793 127
37990 1009
36735
-1111
18881
7915 54132
-1111
47877 15392
31049 20475
-1111
2225 3871
-1111
38665 68 -1111
19734
-1111
-1111
-1111 68 20590
16373
16373 389 16251
4875 48 9248
3120
1445 152
-1111 22 -1111
13488 5655
39610
-1111
54781
4875 1098
-1111 389 -1111
-1111
35141
-1111
13292 13293
43713
-1111 16373
488 847 15517
-1111
22824
-1111
33916
-1111 22 -1111
34793
24962
-1111 11135
38684
126
13737 -1111
13737 1702
-1111
-1111
-1111
35830
41014
15357
13202 13203
-1111
25627
-1111
2300 152
-1111 -1111
-1111 23840
-1111
10686
5303
39610
-1111 -1111
-1111
-1111
42073
742
-1111 367 -1111
28492 367 16230
9731 11950
791 367 36548
570
742
13229
46 1848 6139
653
38037 367 3429
6344 367 3429
10879
681 367 3429
1110
18259 -1111 389 30295
966 10667
726 452
2029 2030
9763 - 2105 629
794
12113 - 2105 629
9430
2029 2030
794 389 -1111
26968
-1111
37990 13447
28200
23905
2922 - 655
4940 1690
3181
-1111
688
723
2049
-1111
35621
-1111
-1111
-1111
30766
6139
14674
29846
13374
13405 1116
150 1116
26117
-1111
9357
20044
28252
55189
-1111
726
18470
46
23636
20327 -1111
7485
1212 1213
29136
-1111
-1111
324
-1111 16373
488 15517
-1111
682 683
23586
6592
5855
2005
26968
5 -1111
26968 23491 389 32825
956 12127 14602 .
1666
27008
-1111
5050
29152
17833
29801
15444
41006
27002
39742
4905
19137
-1111
29841
53710
29828
13361
-1111
-1111 -1111
56082
28344
1563 1218
30290
-1111
20264
28181
23905
-1111
387 1702
653 6634
4839 15392
5921
-1111 -1111
387 389 723
25831
27019 389 28318
10713
46 367 23603
7538 2897
1695 352 11879 389 35981
1695 367 18325
1695 9023 13401
1695 9023 13401
-1111 367 -1111
-1111 367 -1111
13229
633 10849
20383
10366 367 -1111
24893 6076
-1111 389 -1111 9023 23636
33059 6076 48 1686
-1111
723 367 18325
450 729
7753
10943
25627 4927
10686
-1111
25627 23840
25627 -1111
-1111 -1111
25627 -1111
-1111
-1111
5964
22391
27006
1689
48292
36034
32224
1677
18698
21177
852 10812
9851
11113
29256
23827
30094
11001 11002
14587 22 1180
7919
36735
11001
9459
25910
15812
21810
11001 11002
15812 11002
-1111 25462
-1111
9324
842 21742
25462 19340 389 1701
13737 -1111
30375 389 931 6329
37990 13447
53710
1666 629
13345
