10514
-
1034
%
!
1038
3655
3208
/
10700
1130
" 371
-
- -
- - -
- - - -
- - - - -
2096
3279
1195
60
1065
559
1412
6489
5261
1592
856
234
2645
654
322
287
3936
5093
458
1074
304
4120
392
292
17
520
4729
1801
268
22
844
334
9057
9974
134
785
300
2625
598
4040
2553
2921
269
87
716
237
894
344
546
5354
231
1442
341
8892
1744
128
2628
721
1915
5788
3105
29
342
7449
2405
560
64
2267
9407
4226
4
383
521
1833
253
943
213
446
1208
495
256
3629
4368
3269
26799
1790
922
3566
1245
3051
14878
333
1004
8791
14281
1612
75
5493
3443
7911
53426
557
455
6553
1721
93
445
473
837
1001
115
370
773
416
10
-1111
705
1848
658
-1111
17232
2702
1167
1023
3540
423
4139
563
14740
605
23
20
51
2519
1455
111
1585
3610
1139
6804
2535
1896
454
444
405
285
974
3168
1687
16340
33
3015
2841
5797
362
691
1787
11366
2771
615
1950
97
1745
3020
345
1651
290
577
12
581
6886
9174
21
3654
2707
186
41
1203
243
5230
1804
1497
590
427
-1111
12584
9045
-1111
6847
11264
4699
1773
7339
747
-1111
2797
90
-1111
1230
16
8981
395
1059
5661
7
54297
25116
2108
4752
9889
17734
9046
-1111
892
316
-1111
45
65
959
2010
4502
554
4480
203
5352
636
82
1923
921
4338
490
2630
2345
7153
-1111
828
876
29092
820
32
354
2685
697
516
523
1546
-1111
2621
4178
280
131
720
218
811
4660
8212
1472
176
17243
180
1058
175
217
39
1946
4979
737
5528
15600
1506
448
1632
1020
1042
1483
106
1199
625
670
3934
36
5912
2129
556
12764
579
2033
122
796
2666
247
2895
2521
923
68
1648
257
1270
1102
1026
1281
102
918
360
647
657
3665
149
548
903
1310
15025
240
1954
3424
749
898
155
1189
610
9834
1244
1234
1704
1487
2223
116
1013
5794
323
596
4791
17779
28454
503
-1111
368
999
4231
4763
160
649
2461
2492
7351
5170
13616
233
371
244
863
2757
357
1589
1599
1068
8525
950
4296
282
421
11915
505
3235
2609
19351
9505
1290
3637
1513
6245
762
385
254
818
498
1544
172
67
2718
1314
616
964
3737
1784
1173
1022
361
915
9551
4621
19845
38
1969
1398
16587
509
2091
572
1835
821
5959
15129
179
1325
4778
38256
130
5034
3
78
1934
669
3537
642
-1111
31
15460
12928
7653
42846
2954
-1111
288
24
870
3080
55
4260
568
388
25
522
951
2261
2574
3603
164
2149
58
1157
3253
7426
355
3696
63
119
163
249
347
3362
6200
2315
1734
1750
506
899
8475
336
782
496
26
199
31520
4133
2429
606
-1111
12230
2838
1931
221
5336
-1111
1156
2198
963
4327
200
812
54
378
321
227
433
83
1968
219
35047
518
644
-1111
12835
19455
45589
32994
4929
2564
348
223
-1111
201
3694
477
382
3942
1249
517
1723
802
48
2975
110
2285
479
479
4470
2542
624
1468
91
98
5122
2137
2266
9581
1608
1034
" 371
" 371
-
- -
- - -
60
559
1412
1592
234
2645
654
322
287
458
1074
304
4120
392
292
17
520
4729
1801
-1111
314
268
22
844
334
9974
134
785
300
598
87
716
237
231
44
128
2628
721
1915
5788
3105
29
342
7449
2405
560
2267
9407
4226
521
1833
2219
253
453
213
446
1434
256
3629
3051
6546
9023
557
9085
1609
5662
3584
115
416
10
1449
705
658
17232
2702
1167
12539
1023
3540
1935
423
605
23
20
51
1455
111
1585
2535
444
3046
-1111
3198
1201
4970
285
974
33
3015
2841
1428
187
362
691
261
608
1787
615
117
345
21
186
41
243
1497
590
427
-1111
12584
9045
-1111
6847
11264
1773
7339
747
90
1230
2272
16
8981
395
7
25116
2108
2552
316
45
65
959
2010
203
490
7153
-1111
828
876
-1111
70
280
131
218
4660
1472
3052
1096
176
17243
180
1058
544
175
217
39
1946
737
5528
1483
106
1199
670
3934
36
5912
556
12764
579
122
796
247
2895
68
1648
257
102
918
360
657
3665
149
548
903
1310
240
1954
3424
749
155
610
829
1704
1487
116
1049
999
4763
863
950
282
421
11915
505
3637
762
254
818
2813
659
498
10401
1544
30693
172
67
1314
616
964
3737
1784
1022
38
1398
2544
572
2586
179
130
3
78
669
3537
642
-1111
31
15460
12928
7653
42846
-1111
288
24
3241
1503
3080
55
388
25
522
951
2261
2574
3603
164
2149
58
1141
3253
7426
5296
2495
347
6200
2315
899
336
782
496
221
5336
200
54
83
1968
219
35047
518
644
-1111
12835
19455
45589
32994
4929
2564
348
223
-1111
201
3694
477
382
3942
1249
517
48
2975
110
479
1468
91
98
5122
2137
2266
7327
14574
13888
18639
2140
3776
4368
41925
11524
356
1097
41127
466
1604
297
933
935
4362
18768
44181
1618
11984
-1111
-1111
9218
3275
3055
2884
3741
8731
-1111
15434
5451
1562
5713
3233
12417
1086
358
173
19
1012
-1111
-1111
56826
-1111
25933
-1111
13741
-1111
-1111
3630
832
20078
13947
13944
30746
3530
19647
1606
8384
42294
-1111
5034
2954
27455
-1111
10058
26024
6224
15
34
4704
1078
162
11
5074
9951
321
433
2947
-1111
6092
937
1739
552
1738
30369
51861
4426
-1111
-1111
-1111
-1111
-1111
50718
-1111
-1111
33692
6733
-1111
-1111
2900
16064
4318
31701
29800
19886
25871
-1111
-1111
45784
49633
-1111
3461
9960
43150
9069
-1111
-1111
-1111
2900 "
6562
1494
1770
883
801
4159
1034
" 371
" 371
-
- -
- - -
60
559
1412
234
654
322
287
520
268
22
334
87
3776
237
231
128
721
29
342
560
2267
521
253
213
446
356
3629
557
205
837
466
115
370
1604
773
297
10
705
658
444
33
691
1787
21
2314
186
3275
41
28
1203
243
3055
2884
3741
590
427
5038
6847
11264
1773
7339
747
90
15434
16
1086
358
173
19
395
7
316
45
1012
65
112
959
2010
3171
218
176
180
-1111
39
1946
36
579
122
68
1648
102
918
657
149
548
15025
240
1954
3424
749
155
610
863
30746
254
3530
19647
1606
818
2113
172
67
1398
179
130
15
3
78
1934
669
3537
642
31
34
288
24
4704
1078
162
11
55
388
951
164
58
2315
899
336
221
200
937
54
1739
552
1738
597
433
1233
83
4426
219
45784
644
3461
348
223
201
9069
382
1249
-1111
48
1856
479
1494
91
1770
883
801
4159
98
5122
2137
2266
60
1744
1208
1721
1848
1896
2771
9174
16
4502
4480
4338
2621
4979
2521
9834
17779
368
371
2091
3362
12230
2198
4470
2542
9581
3
128
164
68
22
60
7
130
41
16
65
33
122
102
48
243
237
91
115
231
55
213
747
446
691
24
54
357
590
254
149
268
517
39
360
287
479
31
78
83
172
336
749
395
559
201
615
348
345
218
219
381
256
32
53
36
554
1773
82
572
460
316
626
98
59
67
557
669
950
548
179
642
247
516
657
333
959
155
870
392
44
234
26
347
90
240
482
285
321
812
23
625
963
721
334
288
117
401
180
496
