length 96, k 450
 randomForest(x = trainx, y = trainy, xtest = testx, ytest = testy,      ntree = 750) 
               Type of random forest: classification
                     Number of trees: 750
No. of variables tried at each split: 21

        OOB estimate of  error rate: 37.05%
Confusion matrix:
   1  2  3 4  5 6 7  8 9 10 11 12 13 14 class.error
1  8  0  0 0  0 0 0  0 0  0  0  0  0  1   0.1111111
2  0 67  0 2  4 0 0  0 0  0  0  1  0  6   0.1625000
3  0  0 15 0  6 0 0  2 0  1  0  0  0  0   0.3750000
4  0 23  0 9  0 0 0  0 0  0  0  1  0  0   0.7272727
5  0  0  0 0 75 0 0  0 0  5  0  0  0  0   0.0625000
6  0  0  0 0  0 0 0  0 0  3  0  0  0  0   1.0000000
7  0  0  0 0  0 0 0  0 0  2  0  0  0  0   1.0000000
8  0 13  0 3  5 0 0 30 0  5  6 18  0  1   0.6296296
9  0  4  0 0  2 0 0  3 0  2  8  3  0  0   1.0000000
10 0  0  0 0  3 0 0  0 0 77  0  0  0  0   0.0375000
11 0  9  0 0  1 0 0  2 0  2 37 29  0  0   0.5375000
12 0 11  0 2  0 0 0  3 0  0 25 40  0  0   0.5061728
13 0  0  0 0  7 0 0  0 0  2  0  0  0  0   1.0000000
14 0 10  0 4  1 0 0  1 0  2  0  2  0 60   0.2500000
                Test set error rate: 38.86%
Confusion matrix:
   1  2 3 4  5 6 7 8 9 10 11 12 13 14 class.error
1  3  0 0 0  0 0 0 0 0  0  0  0  0  0  0.00000000
2  0 21 0 0  0 0 0 0 0  0  0  1  0  0  0.04545455
3  0  0 3 0  4 0 0 0 0  0  0  0  0  0  0.57142857
4  0  6 0 2  0 0 0 0 0  0  0  1  0  0  0.77777778
5  0  0 0 0 16 0 0 0 0  4  0  0  0  0  0.20000000
6  0  0 0 0  1 1 0 0 0  0  0  0  0  0  0.50000000
7  0  0 0 0  1 0 0 0 0  0  0  0  0  0  1.00000000
8  0 12 0 0  2 0 0 3 0  1  1  1  0  0  0.85000000
9  0  2 0 0  0 0 0 2 0  0  0  2  0  0  1.00000000
10 0  0 0 0  3 0 0 0 0 17  0  0  0  0  0.15000000
11 0  0 0 0  0 0 0 0 0  2 10  8  0  0  0.50000000
12 0  1 0 0  0 0 0 2 0  3  4 11  0  0  0.47619048
13 0  0 1 0  2 0 0 0 0  1  0  0  0  0  1.00000000
14 0  0 0 0  0 0 0 0 0  0  0  0  0 20  0.00000000

length 96, k 400
randomForest(x = trainx, y = trainy, xtest = testx, ytest = testy,      ntree = 500) 
               Type of random forest: classification
                     Number of trees: 500
No. of variables tried at each split: 20

        OOB estimate of  error rate: 34.79%
Confusion matrix:
   1  2  3  4  5 6 7  8 9 10 11 12 13 14 class.error
1  9  0  0  0  0 0 0  0 0  0  0  0  0  0   0.0000000
2  0 64  1  5  2 0 0  1 0  0  0  2  0  5   0.2000000
3  0  1 15  0  6 0 0  1 0  1  0  0  0  0   0.3750000
4  0 18  0 12  0 0 0  0 0  0  0  3  0  0   0.6363636
5  0  0  0  0 77 0 0  0 0  3  0  0  0  0   0.0375000
6  0  0  0  0  0 0 0  0 0  3  0  0  0  0   1.0000000
7  0  0  0  0  1 0 0  0 0  1  0  0  0  0   1.0000000
8  0 15  0  3  3 0 0 34 0  4  9 13  0  0   0.5802469
9  0  5  0  0  2 0 0  2 0  2  6  5  0  0   1.0000000
10 0  0  0  0  4 0 0  0 0 76  0  0  0  0   0.0500000
11 0  6  0  0  1 0 0  4 0  1 48 20  0  0   0.4000000
12 0 11  0  3  0 0 0  3 0  1 26 37  0  0   0.5432099
13 0  0  0  0  8 0 0  0 0  1  0  0  0  0   1.0000000
14 0 12  0  3  0 0 0  0 0  2  0  2  0 61   0.2375000
                Test set error rate: 38.86%
Confusion matrix:
   1  2 3 4  5 6 7 8 9 10 11 12 13 14 class.error
1  3  0 0 0  0 0 0 0 0  0  0  0  0  0  0.00000000
2  0 20 0 1  0 0 0 0 0  0  0  1  0  0  0.09090909
3  0  0 3 0  4 0 0 0 0  0  0  0  0  0  0.57142857
4  0  4 0 3  0 0 0 0 0  0  1  1  0  0  0.66666667
5  0  0 0 0 16 0 0 0 0  4  0  0  0  0  0.20000000
6  0  0 0 0  1 1 0 0 0  0  0  0  0  0  0.50000000
7  0  0 0 0  1 0 0 0 0  0  0  0  0  0  1.00000000
8  0 13 0 0  2 0 0 3 0  0  2  0  0  0  0.85000000
9  0  1 0 0  0 0 0 3 0  0  1  1  0  0  1.00000000
10 0  0 0 0  3 0 0 0 0 17  0  0  0  0  0.15000000
11 0  1 0 0  0 0 0 0 0  2 10  7  0  0  0.50000000
12 0  2 0 0  0 0 0 1 0  4  3 11  0  0  0.47619048
13 0  0 2 0  2 0 0 0 0  0  0  0  0  0  1.00000000
14 0  0 0 0  0 0 0 0 0  0  0  0  0 20  0.00000000

length 192, k 150
randomForest(x = trainx, y = trainy, xtest = testx, ytest = testy,      ntree = 500) 
               Type of random forest: classification
                     Number of trees: 500
No. of variables tried at each split: 12

        OOB estimate of  error rate: 36.9%
Confusion matrix:
   1  2 3 4  5 6 7  8 9 10 11 12 13 14 class.error
1  7  0 0 0  0 0 0  0 0  0  2  0  0  0   0.2222222
2  0 57 0 2  4 0 0  2 0  0  5  0  0 10   0.2875000
3  0  0 8 0 14 0 0  1 0  0  1  0  0  0   0.6666667
4  0 28 0 1  0 0 0  0 0  0  3  0  0  1   0.9696970
5  0  0 0 0 66 0 0  0 0 14  0  0  0  0   0.1750000
6  0  0 0 0  1 0 0  0 0  2  0  0  0  0   1.0000000
7  0  0 0 0  0 0 0  0 0  2  0  0  0  0   1.0000000
8  0  4 0 0  1 0 0 43 0  3 13 17  0  0   0.4691358
9  0  0 0 0  0 0 0  6 0  2 13  1  0  0   1.0000000
10 0  0 0 0  1 0 0  0 0 78  1  0  0  0   0.0250000
11 0  4 0 0  1 0 0  4 0  3 55 12  0  1   0.3125000
12 0  9 0 0  1 0 0  2 0  2 24 43  0  0   0.4691358
13 0  0 0 0  6 0 0  0 0  3  0  0  0  0   1.0000000
14 0 13 0 0  0 0 0  0 0  2  4  0  0 61   0.2375000
                Test set error rate: 40.57%
Confusion matrix:
   1  2 3 4  5 6 7 8 9 10 11 12 13 14 class.error
1  3  0 0 0  0 0 0 0 0  0  0  0  0  0  0.00000000
2  0 20 0 0  0 0 0 0 0  0  0  0  0  2  0.09090909
3  0  0 1 0  6 0 0 0 0  0  0  0  0  0  0.85714286
4  0  5 0 0  0 0 0 0 0  0  3  1  0  0  1.00000000
5  0  0 0 0 18 0 0 0 0  2  0  0  0  0  0.10000000
6  0  0 0 0  1 0 0 0 0  1  0  0  0  0  1.00000000
7  0  0 0 0  0 0 0 0 0  1  0  0  0  0  1.00000000
8  0  2 0 0  4 0 0 5 0  1  4  4  0  0  0.75000000
9  0  0 0 0  0 0 0 2 0  2  2  0  0  0  1.00000000
10 0  0 0 0  0 0 0 0 0 20  0  0  0  0  0.00000000
11 0  0 0 0  0 0 0 5 0  1 11  3  0  0  0.45000000
12 0  3 0 0  0 0 0 3 0  3  6  6  0  0  0.71428571
13 0  0 0 0  1 0 0 1 0  2  0  0  0  0  1.00000000
14 0  0 0 0  0 0 0 0 0  0  0  0  0 20  0.00000000


length 48, k 400
randomForest(x = trainx, y = trainy, xtest = testx, ytest = testy,      ntree = 500) 
               Type of random forest: classification
                     Number of trees: 500
No. of variables tried at each split: 20

        OOB estimate of  error rate: 27.26%
Confusion matrix:
   1  2  3  4  5 6 7  8 9 10 11 12 13 14 class.error
1  8  0  0  0  0 0 0  0 0  0  0  0  0  1   0.1111111
2  0 61  0  2  1 0 0  2 0  1  5  4  0  4   0.2375000
3  0  0 18  0  4 0 0  1 0  1  0  0  0  0   0.2500000
4  0 13  0 18  0 0 0  0 0  0  1  1  0  0   0.4545455
5  0  0  0  0 78 0 0  0 0  2  0  0  0  0   0.0250000
6  0  0  0  0  0 1 0  0 0  2  0  0  0  0   0.6666667
7  0  0  0  0  0 0 0  0 0  2  0  0  0  0   1.0000000
8  0  5  0  0  0 0 0 47 0  0 15 14  0  0   0.4197531
9  0  0  0  0  0 0 0 11 0  0 10  1  0  0   1.0000000
10 0  0  0  0  1 0 0  0 0 78  1  0  0  0   0.0250000
11 0  1  0  0  2 0 0  3 0  1 62 11  0  0   0.2250000
12 0  2  0  0  0 0 0  4 0  1 25 49  0  0   0.3950617
13 0  0  0  0  6 0 0  0 0  3  0  0  0  0   1.0000000
14 0 10  0  1  0 0 0  1 0  0  5  0  0 63   0.2125000
                Test set error rate: 34.86%
Confusion matrix:
   1  2 3 4  5 6 7 8 9 10 11 12 13 14 class.error
1  3  0 0 0  0 0 0 0 0  0  0  0  0  0  0.00000000
2  0 20 0 0  0 0 0 1 0  0  1  0  0  0  0.09090909
3  0  0 4 0  2 0 0 0 0  1  0  0  0  0  0.42857143
4  0  2 0 3  0 0 0 1 0  0  0  3  0  0  0.66666667
5  0  0 0 0 20 0 0 0 0  0  0  0  0  0  0.00000000
6  0  0 0 0  0 1 0 0 0  1  0  0  0  0  0.50000000
7  0  0 0 0  0 0 0 0 0  1  0  0  0  0  1.00000000
8  0  4 0 0  0 0 0 5 0  1  4  6  0  0  0.75000000
9  0  0 0 0  0 0 0 6 0  0  0  0  0  0  1.00000000
10 0  0 0 0  0 0 0 0 0 20  0  0  0  0  0.00000000
11 0  0 0 0  0 0 0 1 0  1 17  1  0  0  0.15000000
12 0  1 0 0  1 0 0 1 0  2 12  4  0  0  0.80952381
13 0  0 1 0  1 0 0 0 0  2  0  0  0  0  1.00000000
14 0  2 0 0  0 0 0 0 0  0  1  0  0 17  0.15000000
